 259       1 nvme1n1 6192716 0 12682600528 45960777 0 0 0 0 2 4985672 34127608 0 0 0 0 0 0

 259       1 nvme1n1 6216219 0 12730734672 46214886 0 0 0 0 5 5005652 34334344 0 0 0 0 0 0

nvme_reads_time: 12705
nvme_io_time: 999
nvme_reads: 1175
nvme_reads_sectors: 2406707
nvme_io_inprogress: 0
 259       1 nvme1n1 6249653 0 12799207504 46605139 0 0 0 0 3 5034372 34658296 0 0 0 0 0 0

 259       1 nvme1n1 6273127 0 12847282256 46932819 0 0 0 0 4 5054320 34938832 0 0 0 0 0 0

nvme_reads_time: 16384
nvme_io_time: 997
nvme_reads: 1173
nvme_reads_sectors: 2403737
nvme_io_inprogress: 0
 259       1 nvme1n1 6306895 0 12916439120 47326401 0 0 0 0 15 5083324 35265556 0 0 0 0 0 0

 259       1 nvme1n1 6330372 0 12964520016 47581907 0 0 0 0 7 5103292 35473836 0 0 0 0 0 0

nvme_reads_time: 12775
nvme_io_time: 998
nvme_reads: 1173
nvme_reads_sectors: 2404044
nvme_io_inprogress: 0
 259       1 nvme1n1 6364118 0 13033631824 47970176 0 0 0 0 4 5132268 35794880 0 0 0 0 0 0

 259       1 nvme1n1 6387615 0 13081753680 48224476 0 0 0 0 16 5152272 36001936 0 0 0 0 0 0

nvme_reads_time: 12715
nvme_io_time: 1000
nvme_reads: 1174
nvme_reads_sectors: 2406092
nvme_io_inprogress: 0
 259       1 nvme1n1 6421422 0 13150990416 48631272 0 0 0 0 14 5181320 36341508 0 0 0 0 0 0

 259       1 nvme1n1 6444889 0 13199050832 48940440 0 0 0 0 1 5201292 36603444 0 0 0 0 0 0

nvme_reads_time: 15458
nvme_io_time: 998
nvme_reads: 1173
nvme_reads_sectors: 2403020
nvme_io_inprogress: 0
