 259       1 nvme1n1 3871578 0 7928909904 18992157 0 0 0 0 4 3005684 11790036 0 0 0 0 0 0

 259       1 nvme1n1 3894868 0 7976607824 19232159 0 0 0 0 13 3025656 11982132 0 0 0 0 0 0

nvme_reads_time: 12000
nvme_io_time: 998
nvme_reads: 1164
nvme_reads_sectors: 2384896
nvme_io_inprogress: 0
 259       1 nvme1n1 3928469 0 8045422672 19558919 0 0 0 0 7 3054616 12239296 0 0 0 0 0 0

 259       1 nvme1n1 3951771 0 8093145168 19789331 0 0 0 0 6 3074628 12421756 0 0 0 0 0 0

nvme_reads_time: 11520
nvme_io_time: 1000
nvme_reads: 1165
nvme_reads_sectors: 2386124
nvme_io_inprogress: 0
 259       1 nvme1n1 3986047 0 8163342416 20151015 0 0 0 0 48 3103936 12714380 0 0 0 0 0 0

 259       1 nvme1n1 4009642 0 8211664976 20408836 0 0 0 0 9 3123948 12925348 0 0 0 0 0 0

nvme_reads_time: 12891
nvme_io_time: 1000
nvme_reads: 1179
nvme_reads_sectors: 2416128
nvme_io_inprogress: 1
 259       1 nvme1n1 4043042 0 8280068176 20812975 0 0 0 0 4 3152448 13263372 0 0 0 0 0 0

 259       1 nvme1n1 4066569 0 8328251472 21095575 0 0 0 0 13 3172412 13499204 0 0 0 0 0 0

nvme_reads_time: 14130
nvme_io_time: 998
nvme_reads: 1176
nvme_reads_sectors: 2409164
nvme_io_inprogress: 0
 259       1 nvme1n1 4100296 0 8397324368 21484707 0 0 0 0 1 3201152 13821440 0 0 0 0 0 0

 259       1 nvme1n1 4123798 0 8445456464 21782212 0 0 0 0 9 3221124 14072400 0 0 0 0 0 0

nvme_reads_time: 14875
nvme_io_time: 998
nvme_reads: 1175
nvme_reads_sectors: 2406604
nvme_io_inprogress: 0
