 259       1 nvme1n1 7345579 0 15043663952 59526783 0 0 0 0 10 5974972 45403284 0 0 0 0 0 0

 259       1 nvme1n1 7368977 0 15091583056 59839456 0 0 0 0 6 5994964 45668660 0 0 0 0 0 0

nvme_reads_time: 15633
nvme_io_time: 999
nvme_reads: 1169
nvme_reads_sectors: 2395955
nvme_io_inprogress: 0
 259       1 nvme1n1 7402604 0 15160451152 60180513 0 0 0 0 9 6024408 45944160 0 0 0 0 0 0

 259       1 nvme1n1 7425983 0 15208331344 60469492 0 0 0 0 13 6044364 46185764 0 0 0 0 0 0

nvme_reads_time: 14448
nvme_io_time: 997
nvme_reads: 1168
nvme_reads_sectors: 2394009
nvme_io_inprogress: 0
 259       1 nvme1n1 7458648 0 15275229264 60844013 0 0 0 0 13 6072972 46496924 0 0 0 0 0 0

 259       1 nvme1n1 7481995 0 15323043920 61103197 0 0 0 0 10 6092932 46708960 0 0 0 0 0 0

nvme_reads_time: 12959
nvme_io_time: 998
nvme_reads: 1167
nvme_reads_sectors: 2390732
nvme_io_inprogress: 0
 259       1 nvme1n1 7514971 0 15390578768 61448609 0 0 0 0 11 6121816 46990372 0 0 0 0 0 0

 259       1 nvme1n1 7538300 0 15438356560 61698151 0 0 0 0 4 6141752 47192656 0 0 0 0 0 0

nvme_reads_time: 12477
nvme_io_time: 996
nvme_reads: 1166
nvme_reads_sectors: 2388889
nvme_io_inprogress: 0
 259       1 nvme1n1 7571365 0 15506073680 62031856 0 0 0 0 11 6170692 47462108 0 0 0 0 0 0

 259       1 nvme1n1 7594743 0 15553951824 62282194 0 0 0 0 19 6190656 47665308 0 0 0 0 0 0

nvme_reads_time: 12516
nvme_io_time: 998
nvme_reads: 1168
nvme_reads_sectors: 2393907
nvme_io_inprogress: 0
