 259       1 nvme1n1 2492062 0 5103661136 6250366 0 0 0 0 15 2015480 1805200 0 0 0 0 0 0

 259       1 nvme1n1 2522579 0 5166159952 6557037 0 0 0 0 16 2035428 2048244 0 0 0 0 0 0

nvme_reads_time: 15333
nvme_io_time: 997
nvme_reads: 1525
nvme_reads_sectors: 3124940
nvme_io_inprogress: 0
 259       1 nvme1n1 2567289 0 5257726032 7012026 0 0 0 0 16 2064456 2419024 0 0 0 0 0 0

 259       1 nvme1n1 2598406 0 5321453648 7305874 0 0 0 0 16 2084420 2662048 0 0 0 0 0 0

nvme_reads_time: 14692
nvme_io_time: 998
nvme_reads: 1555
nvme_reads_sectors: 3186380
 259       1 nvme1n1 2642635 0 5412034640 7766522 0 0 0 0 16 2113384 3029256 0 0 0 0 0 0

 259       1 nvme1n1 2672768 0 5473747024 8078909 0 0 0 0 16 2133348 3270384 0 0 0 0 0 0

nvme_reads_time: 15619
nvme_io_time: 998
nvme_reads: 1506
nvme_reads_sectors: 3085619
 259       1 nvme1n1 2717153 0 5564647504 8524725 0 0 0 0 13 2162328 3630368 0 0 0 0 0 0

 259       1 nvme1n1 2747569 0 5626939472 8821371 0 0 0 0 16 2182336 3865260 0 0 0 0 0 0

nvme_reads_time: 14832
nvme_io_time: 1000
nvme_reads: 1520
nvme_reads_sectors: 3114598
nvme_io_inprogress: 0
 259       1 nvme1n1 2793192 0 5720375376 9260777 0 0 0 0 14 2211936 4222564 0 0 0 0 0 0

 259       1 nvme1n1 2823947 0 5783361616 9547973 0 0 0 0 14 2231908 4453792 0 0 0 0 0 0

nvme_reads_time: 14359
nvme_io_time: 998
nvme_reads: 1537
nvme_reads_sectors: 3149312
