 259       1 nvme1n1 6770265 0 13865420880 52652316 0 0 0 0 14 5480496 39667464 0 0 0 0 0 0

 259       1 nvme1n1 6793721 0 13913458768 52948956 0 0 0 0 9 5500468 39916848 0 0 0 0 0 0

nvme_reads_time: 14832
nvme_io_time: 998
nvme_reads: 1172
nvme_reads_sectors: 2401894
nvme_io_inprogress: 0
 259       1 nvme1n1 6827196 0 13982015568 53397361 0 0 0 0 2 5529344 40299428 0 0 0 0 0 0

 259       1 nvme1n1 6850645 0 14030039120 53709234 0 0 0 0 14 5549300 40564296 0 0 0 0 0 0

nvme_reads_time: 15593
nvme_io_time: 997
nvme_reads: 1172
nvme_reads_sectors: 2401177
nvme_io_inprogress: 0
 259       1 nvme1n1 6884278 0 14098919504 54130659 0 0 0 0 16 5578292 40919436 0 0 0 0 0 0

 259       1 nvme1n1 6907694 0 14146875472 54422634 0 0 0 0 13 5598220 41164436 0 0 0 0 0 0

nvme_reads_time: 14598
nvme_io_time: 996
nvme_reads: 1170
nvme_reads_sectors: 2397798
nvme_io_inprogress: 0
 259       1 nvme1n1 6941277 0 14215653456 54809186 0 0 0 0 6 5627204 41485156 0 0 0 0 0 0

 259       1 nvme1n1 6964749 0 14263724112 55096943 0 0 0 0 26 5647156 41725648 0 0 0 0 0 0

nvme_reads_time: 14387
nvme_io_time: 997
nvme_reads: 1173
nvme_reads_sectors: 2403532
nvme_io_inprogress: 1
 259       1 nvme1n1 6997896 0 14331609168 55457906 0 0 0 0 11 5675768 42021212 0 0 0 0 0 0

 259       1 nvme1n1 7021321 0 14379583568 55737329 0 0 0 0 3 5695720 42253604 0 0 0 0 0 0

nvme_reads_time: 13971
nvme_io_time: 997
nvme_reads: 1171
nvme_reads_sectors: 2398720
nvme_io_inprogress: 0
