 259       1 nvme1n1 5614933 0 11499300944 39507898 0 0 0 0 3 4490456 28843416 0 0 0 0 0 0

 259       1 nvme1n1 5638307 0 11547170896 39790748 0 0 0 0 5 4510424 29078996 0 0 0 0 0 0

nvme_reads_time: 14142
nvme_io_time: 998
nvme_reads: 1168
nvme_reads_sectors: 2393497
nvme_io_inprogress: 0
 259       1 nvme1n1 5672112 0 11616403536 40182188 0 0 0 0 26 4539452 29402028 0 0 0 0 0 0

 259       1 nvme1n1 5695549 0 11664402512 40421891 0 0 0 0 13 4559412 29593876 0 0 0 0 0 0

nvme_reads_time: 11985
nvme_io_time: 998
nvme_reads: 1171
nvme_reads_sectors: 2399948
nvme_io_inprogress: 0
 259       1 nvme1n1 5729081 0 11733076048 40814928 0 0 0 0 12 4588212 29919288 0 0 0 0 0 0

 259       1 nvme1n1 5752507 0 11781052496 41056818 0 0 0 0 13 4608184 30113360 0 0 0 0 0 0

nvme_reads_time: 12094
nvme_io_time: 998
nvme_reads: 1171
nvme_reads_sectors: 2398822
nvme_io_inprogress: 0
 259       1 nvme1n1 5786384 0 11850432592 41453941 0 0 0 0 6 4637280 30442188 0 0 0 0 0 0

 259       1 nvme1n1 5809797 0 11898382416 41704359 0 0 0 0 10 4657240 30645044 0 0 0 0 0 0

nvme_reads_time: 12520
nvme_io_time: 998
nvme_reads: 1170
nvme_reads_sectors: 2397491
nvme_io_inprogress: 0
 259       1 nvme1n1 5843675 0 11967764560 42081205 0 0 0 0 25 4686352 30953624 0 0 0 0 0 0

 259       1 nvme1n1 5867088 0 12015714384 42353608 0 0 0 0 21 4706308 31178560 0 0 0 0 0 0

nvme_reads_time: 13620
nvme_io_time: 997
nvme_reads: 1170
nvme_reads_sectors: 2397491
nvme_io_inprogress: 0
