 259       1 nvme1n1 4451164 0 9115902032 25464129 0 0 0 0 5 3500028 17106988 0 0 0 0 0 0

 259       1 nvme1n1 4474761 0 9164228688 25764638 0 0 0 0 9 3520000 17360448 0 0 0 0 0 0

nvme_reads_time: 15025
nvme_io_time: 998
nvme_reads: 1179
nvme_reads_sectors: 2416332
nvme_io_inprogress: 0
 259       1 nvme1n1 4509479 0 9235331152 26169092 0 0 0 0 12 3549540 17695904 0 0 0 0 0 0

 259       1 nvme1n1 4533104 0 9283715152 26443384 0 0 0 0 2 3569552 17923256 0 0 0 0 0 0

nvme_reads_time: 13714
nvme_io_time: 1000
nvme_reads: 1181
nvme_reads_sectors: 2419200
nvme_io_inprogress: 0
 259       1 nvme1n1 4567179 0 9353500752 26873077 0 0 0 0 15 3598544 18285652 0 0 0 0 0 0

 259       1 nvme1n1 4590733 0 9401739344 27184510 0 0 0 0 14 3618512 18550340 0 0 0 0 0 0

nvme_reads_time: 15571
nvme_io_time: 998
nvme_reads: 1177
nvme_reads_sectors: 2411929
nvme_io_inprogress: 0
 259       1 nvme1n1 4624549 0 9470994512 27595723 0 0 0 0 4 3647272 18894624 0 0 0 0 0 0

 259       1 nvme1n1 4648102 0 9519231056 27878754 0 0 0 0 14 3667252 19131212 0 0 0 0 0 0

nvme_reads_time: 14151
nvme_io_time: 999
nvme_reads: 1177
nvme_reads_sectors: 2411827
nvme_io_inprogress: 0
 259       1 nvme1n1 4682247 0 9589162064 28373070 0 0 0 0 13 3696328 19557916 0 0 0 0 0 0

 259       1 nvme1n1 4705875 0 9637550160 28644759 0 0 0 0 14 3716348 19782484 0 0 0 0 0 0

nvme_reads_time: 13584
nvme_io_time: 1001
nvme_reads: 1181
nvme_reads_sectors: 2419404
nvme_io_inprogress: 0
