 259       1 nvme1n1 7915532 0 16210927696 65421685 0 0 0 0 2 6469872 50173992 0 0 0 0 0 0

 259       1 nvme1n1 7938989 0 16258967632 65691139 0 0 0 0 20 6489844 50395788 0 0 0 0 0 0

nvme_reads_time: 13472
nvme_io_time: 998
nvme_reads: 1172
nvme_reads_sectors: 2401996
nvme_io_inprogress: 0
 259       1 nvme1n1 7971445 0 16325437520 65985784 0 0 0 0 3 6518744 50629900 0 0 0 0 0 0

 259       1 nvme1n1 7994910 0 16373493840 66266260 0 0 0 0 8 6538728 50863104 0 0 0 0 0 0

nvme_reads_time: 14023
nvme_io_time: 999
nvme_reads: 1173
nvme_reads_sectors: 2402816
nvme_io_inprogress: 0
 259       1 nvme1n1 8021229 0 16427395152 66485193 0 0 0 0 1 6562396 51033872 0 0 0 0 0 0

 259       1 nvme1n1 8044694 0 16475451472 66752799 0 0 0 0 1 6582372 51253880 0 0 0 0 0 0

nvme_reads_time: 13380
nvme_io_time: 998
nvme_reads: 1173
nvme_reads_sectors: 2402816
 259       1 nvme1n1 8083249 0 16554412112 67106255 0 0 0 0 33 6616468 51534760 0 0 0 0 0 0

 259       1 nvme1n1 8106731 0 16602503248 67355661 0 0 0 0 7 6636456 51736560 0 0 0 0 0 0

nvme_reads_time: 12470
nvme_io_time: 999
nvme_reads: 1174
nvme_reads_sectors: 2404556
nvme_io_inprogress: 1
 259       1 nvme1n1 8138873 0 16668330064 67621447 0 0 0 0 13 6665128 51942652 0 0 0 0 0 0

 259       1 nvme1n1 8162324 0 16716357712 67867299 0 0 0 0 13 6685120 52140896 0 0 0 0 0 0

nvme_reads_time: 12292
nvme_io_time: 999
nvme_reads: 1172
nvme_reads_sectors: 2401382
