 259       1 nvme1n1 456600 0 935034960 692267 0 0 0 0 2 532316 140728 0 0 0 0 0 0

 259       1 nvme1n1 479236 0 981393488 726857 0 0 0 0 2 552248 140728 0 0 0 0 0 0

nvme_reads_time: 1729
nvme_io_time: 996
nvme_reads: 1131
nvme_reads_sectors: 2317926
 259       1 nvme1n1 511886 0 1048260688 778881 0 0 0 0 2 581088 142836 0 0 0 0 0 0

 259       1 nvme1n1 534852 0 1095295056 813376 0 0 0 0 2 601036 142836 0 0 0 0 0 0

nvme_reads_time: 1724
nvme_io_time: 997
nvme_reads: 1148
nvme_reads_sectors: 2351718
 259       1 nvme1n1 566816 0 1160757328 865776 0 0 0 0 2 628992 146888 0 0 0 0 0 0

 259       1 nvme1n1 589882 0 1207996496 900313 0 0 0 0 2 648956 146888 0 0 0 0 0 0

nvme_reads_time: 1726
nvme_io_time: 998
nvme_reads: 1153
nvme_reads_sectors: 2361958
 259       1 nvme1n1 623304 0 1276444752 952401 0 0 0 0 2 677932 148984 0 0 0 0 0 0

 259       1 nvme1n1 646008 0 1322942544 987010 0 0 0 0 2 697884 148984 0 0 0 0 0 0

nvme_reads_time: 1730
nvme_io_time: 997
nvme_reads: 1135
nvme_reads_sectors: 2324889
 259       1 nvme1n1 678676 0 1389846608 1038929 0 0 0 0 2 726692 151068 0 0 0 0 0 0

 259       1 nvme1n1 701478 0 1436545104 1073360 0 0 0 0 2 746584 151068 0 0 0 0 0 0

nvme_reads_time: 1721
nvme_io_time: 994
nvme_reads: 1140
nvme_reads_sectors: 2334924
