 259       1 nvme1n1 1027084 0 2103386192 1578213 0 0 0 0 4 1025836 153140 0 0 0 0 0 0

 259       1 nvme1n1 1055186 0 2160939088 1636202 0 0 0 0 4 1045856 153204 0 0 0 0 0 0

nvme_reads_time: 2899
nvme_io_time: 1001
nvme_reads: 1405
nvme_reads_sectors: 2877644
 259       1 nvme1n1 1096397 0 2245339216 1725447 0 0 0 0 4 1075268 157388 0 0 0 0 0 0

 259       1 nvme1n1 1124457 0 2302806096 1783247 0 0 0 0 4 1095268 157388 0 0 0 0 0 0

nvme_reads_time: 2890
nvme_io_time: 1000
nvme_reads: 1403
nvme_reads_sectors: 2873344
 259       1 nvme1n1 1165086 0 2386014288 1870418 0 0 0 0 4 1124176 161564 0 0 0 0 0 0

 259       1 nvme1n1 1193146 0 2443481168 1928254 0 0 0 0 4 1144188 161612 0 0 0 0 0 0

nvme_reads_time: 2891
nvme_io_time: 1000
nvme_reads: 1403
nvme_reads_sectors: 2873344
 259       1 nvme1n1 1233060 0 2525225040 2014496 0 0 0 0 4 1172684 165824 0 0 0 0 0 0

 259       1 nvme1n1 1261097 0 2582644816 2072266 0 0 0 0 3 1192628 165824 0 0 0 0 0 0

nvme_reads_time: 2888
nvme_io_time: 997
nvme_reads: 1401
nvme_reads_sectors: 2870988
nvme_io_inprogress: 0
 259       1 nvme1n1 1301532 0 2665455696 2158315 0 0 0 0 3 1221408 169000 0 0 0 0 0 0

 259       1 nvme1n1 1329464 0 2722660432 2215899 0 0 0 0 4 1241368 169012 0 0 0 0 0 0

nvme_reads_time: 2879
nvme_io_time: 998
nvme_reads: 1396
nvme_reads_sectors: 2860236
nvme_io_inprogress: 0
