 259       1 nvme1n1 3246574 0 6648901712 13584020 0 0 0 0 10 2510852 7699128 0 0 0 0 0 0

 259       1 nvme1n1 3271949 0 6700869712 13797544 0 0 0 0 18 2530800 7859040 0 0 0 0 0 0

nvme_reads_time: 10676
nvme_io_time: 997
nvme_reads: 1268
nvme_reads_sectors: 2598400
nvme_io_inprogress: 0
 259       1 nvme1n1 3307964 0 6774628432 14129682 0 0 0 0 25 2559292 8115260 0 0 0 0 0 0

 259       1 nvme1n1 3333406 0 6826733648 14346023 0 0 0 0 9 2579256 8277744 0 0 0 0 0 0

nvme_reads_time: 10817
nvme_io_time: 998
nvme_reads: 1272
nvme_reads_sectors: 2605260
nvme_io_inprogress: 0
 259       1 nvme1n1 3370324 0 6902341712 14665113 0 0 0 0 19 2608436 8518780 0 0 0 0 0 0

 259       1 nvme1n1 3395742 0 6954397776 14880229 0 0 0 0 2 2628412 8680348 0 0 0 0 0 0

nvme_reads_time: 10755
nvme_io_time: 998
nvme_reads: 1270
nvme_reads_sectors: 2602803
nvme_io_inprogress: 0
 259       1 nvme1n1 3432491 0 7029659728 15191670 0 0 0 0 14 2657428 8913768 0 0 0 0 0 0

 259       1 nvme1n1 3457876 0 7081648208 15406575 0 0 0 0 26 2677400 9074876 0 0 0 0 0 0

nvme_reads_time: 10745
nvme_io_time: 998
nvme_reads: 1269
nvme_reads_sectors: 2599424
nvme_io_inprogress: 0
 259       1 nvme1n1 3494569 0 7156795472 15746137 0 0 0 0 13 2706388 9337032 0 0 0 0 0 0

 259       1 nvme1n1 3519781 0 7208429648 15966522 0 0 0 0 11 2726280 9504288 0 0 0 0 0 0

nvme_reads_time: 11019
nvme_io_time: 994
nvme_reads: 1260
nvme_reads_sectors: 2581708
nvme_io_inprogress: 0
