 259       1 nvme1n1 37342 0 76394576 190957 0 0 0 0 1 38044 134496 0 0 0 0 0 0

 259       1 nvme1n1 53879 0 110262352 210317 0 0 0 0 1 57924 134496 0 0 0 0 0 0

nvme_reads_time: 968
nvme_io_time: 994
nvme_reads: 826
nvme_reads_sectors: 1693388
 259       1 nvme1n1 77676 0 158998608 240114 0 0 0 0 1 86436 136536 0 0 0 0 0 0

 259       1 nvme1n1 94449 0 193349712 259546 0 0 0 0 1 106400 136536 0 0 0 0 0 0

nvme_reads_time: 971
nvme_io_time: 998
nvme_reads: 838
nvme_reads_sectors: 1717555
 259       1 nvme1n1 118486 0 242577488 288622 0 0 0 0 1 135188 137584 0 0 0 0 0 0

 259       1 nvme1n1 135154 0 276713552 308022 0 0 0 0 1 155116 137584 0 0 0 0 0 0

nvme_reads_time: 970
nvme_io_time: 996
nvme_reads: 833
nvme_reads_sectors: 1706803
 259       1 nvme1n1 159298 0 326160464 337237 0 0 0 0 1 184040 138632 0 0 0 0 0 0

 259       1 nvme1n1 175991 0 360347728 356626 0 0 0 0 1 203956 138632 0 0 0 0 0 0

nvme_reads_time: 969
nvme_io_time: 995
nvme_reads: 834
nvme_reads_sectors: 1709363
 259       1 nvme1n1 200352 0 410239056 385989 0 0 0 0 1 233040 139680 0 0 0 0 0 0

 259       1 nvme1n1 216954 0 444239952 405395 0 0 0 0 1 252976 139680 0 0 0 0 0 0

nvme_reads_time: 970
nvme_io_time: 996
nvme_reads: 830
nvme_reads_sectors: 1700044
