 259       1 nvme1n1 5028114 0 10297495632 32501381 0 0 0 0 32 3990680 23001924 0 0 0 0 0 0

 259       1 nvme1n1 5051619 0 10345633872 32786817 0 0 0 0 17 4010588 23240620 0 0 0 0 0 0

nvme_reads_time: 14271
nvme_io_time: 995
nvme_reads: 1175
nvme_reads_sectors: 2406912
nvme_io_inprogress: 0
 259       1 nvme1n1 5091209 0 10426714192 33234627 0 0 0 0 44 4044284 23609832 0 0 0 0 0 0

 259       1 nvme1n1 5114755 0 10474936400 33497087 0 0 0 0 12 4064244 23825448 0 0 0 0 0 0

nvme_reads_time: 13123
nvme_io_time: 998
nvme_reads: 1177
nvme_reads_sectors: 2411110
nvme_io_inprogress: 1
 259       1 nvme1n1 5148755 0 10544568400 33913701 0 0 0 0 8 4093240 24174940 0 0 0 0 0 0

 259       1 nvme1n1 5172284 0 10592755792 34178433 0 0 0 0 9 4113216 24393220 0 0 0 0 0 0

nvme_reads_time: 13236
nvme_io_time: 998
nvme_reads: 1176
nvme_reads_sectors: 2409369
nvme_io_inprogress: 0
 259       1 nvme1n1 5206395 0 10662615120 34607874 0 0 0 0 6 4142324 24755244 0 0 0 0 0 0

 259       1 nvme1n1 5229903 0 10710759504 34868054 0 0 0 0 10 4162240 24968768 0 0 0 0 0 0

nvme_reads_time: 13009
nvme_io_time: 995
nvme_reads: 1175
nvme_reads_sectors: 2407219
nvme_io_inprogress: 0
 259       1 nvme1n1 5263977 0 10780543056 35279915 0 0 0 0 23 4191276 25313080 0 0 0 0 0 0

 259       1 nvme1n1 5287500 0 10828718160 35583829 0 0 0 0 70 4211208 25570080 0 0 0 0 0 0

nvme_reads_time: 15195
nvme_io_time: 996
nvme_reads: 1176
nvme_reads_sectors: 2408755
nvme_io_inprogress: 2
