 259       1 nvme1n1 1724314 0 3531313232 3078074 0 0 0 0 6 1520508 218848 0 0 0 0 0 0

 259       1 nvme1n1 1755327 0 3594827856 3195082 0 0 0 0 5 1540484 269484 0 0 0 0 0 0

nvme_reads_time: 5850
nvme_io_time: 998
nvme_reads: 1550
nvme_reads_sectors: 3175731
nvme_io_inprogress: 0
 259       1 nvme1n1 1800980 0 3688325200 3369890 0 0 0 0 8 1569924 344724 0 0 0 0 0 0

 259       1 nvme1n1 1831991 0 3751835728 3483590 0 0 0 0 8 1589868 391256 0 0 0 0 0 0

nvme_reads_time: 5685
nvme_io_time: 997
nvme_reads: 1550
nvme_reads_sectors: 3175526
 259       1 nvme1n1 1876341 0 3842664528 3653912 0 0 0 0 8 1618460 465748 0 0 0 0 0 0

 259       1 nvme1n1 1907315 0 3906099280 3763085 0 0 0 0 5 1638404 508644 0 0 0 0 0 0

nvme_reads_time: 5458
nvme_io_time: 997
nvme_reads: 1548
nvme_reads_sectors: 3171737
nvme_io_inprogress: 0
 259       1 nvme1n1 1952370 0 3998371920 3935389 0 0 0 0 7 1667472 584624 0 0 0 0 0 0

 259       1 nvme1n1 1983440 0 4062003280 4053288 0 0 0 0 4 1687468 635328 0 0 0 0 0 0

nvme_reads_time: 5894
nvme_io_time: 999
nvme_reads: 1553
nvme_reads_sectors: 3181568
nvme_io_inprogress: 0
 259       1 nvme1n1 2028372 0 4154024016 4230727 0 0 0 0 7 1716476 718952 0 0 0 0 0 0

 259       1 nvme1n1 2059320 0 4217405520 4350588 0 0 0 0 7 1736432 774440 0 0 0 0 0 0

nvme_reads_time: 5993
nvme_io_time: 997
nvme_reads: 1547
nvme_reads_sectors: 3169075
